start=3085.560000
volume=98.519989
