start=22.639310
pause=yes
fullscreen=yes
ab-loop-a=16.837778
ab-loop-b=23.972995
