start=269.803136
pause=yes
fullscreen=yes
ab-loop-a=266.900234
ab-loop-b=277.777778
