start=2.600456
ab-loop-a=2.142178
ab-loop-b=3.058744
