start=30.366000
speed=0.620921
pause=yes
